1 40697U 15028A   26070.52243345  .00000176  00000-0  83810-4 0  9993
2 40697  98.5658 146.7894 0001206 103.4362 256.6955 14.30814221559762
1 40697U 15028A   26070.80215588 -.00012061  00000-0 -45942-2 0  9992
2 40697  98.5642 147.0641 0001264  97.7361 262.3965 14.30802992559809
1 40697U 15028A   26070.94201648 -.00004615  00000-0 -17455-2 0  9993
2 40697  98.5646 147.2020 0001267  98.7677 261.3649 14.30807144559824
1 40697U 15028A   26071.15180550  .00006019  00000-0  23109-2 0  9996
2 40697  98.5646 147.4088 0001245 101.3474 258.7849 14.30819243559850
1 40697U 15028A   26071.29166597  .00003725  00000-0  14372-2 0  9999
2 40697  98.5644 147.5469 0001251 100.9473 259.1851 14.30817831559874
1 40697U 15028A   26071.64131661  .00002883  00000-0  11159-2 0  9996
2 40697  98.5645 147.8913 0001247  99.0643 261.0681 14.30818721559922
1 40697U 15028A   26071.64131677  .00002565  00000-0  99495-3 0  9990
2 40697  98.5645 147.8912 0001239  98.8259 261.3064 14.30818133559927
1 40697U 15028A   26071.85110863  .00000101  00000-0  55031-4 0  9990
2 40697  98.5645 148.0979 0001226  98.4335 261.6987 14.30813833559952
1 40697U 15028A   26071.99096922  .00000017  00000-0  23187-4 0  9997
2 40697  98.5646 148.2358 0001229  98.5030 261.6293 14.30813654559975
1 40697U 15028A   26071.99096922  .00000017  00000-0  23187-4 0  9997
2 40697  98.5646 148.2358 0001229  98.5030 261.6293 14.30813654559975
1 40697U 15028A   26072.62033979  .00000992  00000-0  39509-3 0  9997
2 40697  98.5646 148.8560 0001223  98.2903 261.8418 14.30817082560068
1 40697U 15028A   26072.96999170  .00000183  00000-0  86487-4 0  9998
2 40697  98.5646 149.2004 0001243 100.1737 259.9586 14.30814908560110
1 40697U 15028A   26073.24971199  .00000435  00000-0  18244-3 0  9996
2 40697  98.5646 149.4759 0001226  99.0002 261.1320 14.30816012560154
1 40697U 15028A   26073.59936264  .00000481  00000-0  20018-3 0  9991
2 40697  98.5646 149.8206 0001239  97.7628 262.3696 14.30816566560207
1 40697U 15028A   26073.94901433  .00000023  00000-0  25491-4 0  9993
2 40697  98.5647 150.1649 0001254  99.4167 260.7158 14.30815031560254
1 40697U 15028A   26074.29866492  .00000075  00000-0  45161-4 0  9990
2 40697  98.5646 150.5096 0001247  99.4621 260.6703 14.30815490560300
1 40697U 15028A   26074.64831537  .00000321  00000-0  13903-3 0  9993
2 40697  98.5647 150.8542 0001254  97.9510 262.1815 14.30816514560352
1 40697U 15028A   26074.92803688 -.00000070  00000-0 -99602-5 0  9995
2 40697  98.5647 151.1296 0001247  98.7890 261.3434 14.30815043560392
1 40697U 15028A   26075.27768729  .00000031  00000-0  28527-4 0  9992
2 40697  98.5647 151.4743 0001243  99.4983 260.6340 14.30815659560446
1 40697U 15028A   26075.83712866  .00000033  00000-0  29400-4 0  9998
2 40697  98.5648 152.0255 0001249  98.7214 261.4110 14.30815744560525
1 40697U 15028A   26076.18677916  .00000000  00000-0  16662-4 0  9993
2 40697  98.5647 152.3700 0001253 100.1018 260.0306 14.30815926560576
1 40697U 15028A   26076.32663931  .00000133  00000-0  67285-4 0  9995
2 40697  98.5648 152.5079 0001272  99.7717 260.3610 14.30816392560599
1 40697U 15028A   26076.60635933  .00000445  00000-0  18657-3 0  9991
2 40697  98.5647 152.7836 0001275  98.5501 261.5826 14.30817606560638
1 40697U 15028A   26076.81615037  .00000117  00000-0  61134-4 0  9992
2 40697  98.5647 152.9901 0001262  99.0415 261.0910 14.30816429560663
1 40697U 15028A   26076.95601087 -.00000045  00000-0 -49625-6 0  9992
2 40697  98.5647 153.1279 0001285  99.8786 260.2542 14.30815942560681
1 40697U 15028A   26077.30566126  .00000028  00000-0  27303-4 0  9992
2 40697  98.5646 153.4726 0001285  99.6028 260.5300 14.30816392560738
1 40697U 15028A   26077.51545135  .00000296  00000-0  12969-3 0  9990
2 40697  98.5646 153.6794 0001288  98.4825 261.6504 14.30817288560766
1 40697U 15028A   26077.51545135  .00000296  00000-0  12969-3 0  9990
2 40697  98.5646 153.6794 0001288  98.4825 261.6504 14.30817288560766
1 40697U 15028A   26077.86510275 -.00000132  00000-0 -33888-4 0  9990
2 40697  98.5645 154.0236 0001272  98.0439 262.0888 14.30815832560810
1 40697U 15028A   26077.93503292 -.00000171  00000-0 -48494-4 0  9991
2 40697  98.5645 154.0925 0001282  98.7891 261.3437 14.30815720560824
1 40697U 15028A   26078.28468332 -.00000164  00000-0 -45791-4 0  9994
2 40697  98.5644 154.4371 0001278  98.6199 261.5129 14.30815958560875
1 40697U 15028A   26078.84412464 -.00000158  00000-0 -43759-4 0  9996
2 40697  98.5643 154.9882 0001279  97.5333 262.5995 14.30815841560957
1 40697U 15028A   26078.91405481 -.00000161  00000-0 -44738-4 0  9997
2 40697  98.5643 155.0571 0001284  97.4785 262.6543 14.30815825560963
1 40697U 15028A   26079.19377485 -.00000072  00000-0 -11026-4 0  9995
2 40697  98.5642 155.3327 0001269  98.1407 261.9920 14.30816376561005
1 40697U 15028A   26079.26370495 -.00000037  00000-0  23709-5 0  9999
2 40697  98.5642 155.4017 0001278  97.6877 262.4451 14.30816508561010
1 40697U 15028A   26079.47349491  .00000308  00000-0  13413-3 0  9993
2 40697  98.5641 155.6084 0001279  97.0512 263.0817 14.30817626561044
1 40697U 15028A   26079.61335497  .00000354  00000-0  15177-3 0  9990
2 40697  98.5640 155.7463 0001281  95.8049 264.3280 14.30817924561060
1 40697U 15028A   26079.82314580  .00000104  00000-0  56202-4 0  9991
2 40697  98.5639 155.9527 0001265  96.8632 263.2695 14.30816987561091
1 40697U 15028A   26079.89307608  .00000028  00000-0  27181-4 0  9990
2 40697  98.5639 156.0216 0001269  96.9190 263.2137 14.30816707561105
1 40697U 15028A   26080.24272619  .00000044  00000-0  33444-4 0  9991
2 40697  98.5638 156.3662 0001264  96.4557 263.6769 14.30817159561151
1 40697U 15028A   26080.59237609  .00000448  00000-0  18757-3 0  9996
2 40697  98.5636 156.7108 0001271  94.2220 265.9108 14.30818653561207
1 40697U 15028A   26080.94202714  .00000026  00000-0  26501-4 0  9993
2 40697  98.5635 157.0550 0001288  97.0463 263.0866 14.30817250561256
1 40697U 15028A   26081.29167725  .00000046  00000-0  34250-4 0  9996
2 40697  98.5634 157.3996 0001290  97.4917 262.6413 14.30817596561305
1 40697U 15028A   26081.92104809 -.00000013  00000-0  11585-4 0  9991
2 40697  98.5631 158.0195 0001290  96.7575 263.3755 14.30817487561398
1 40697U 15028A   26082.27069795  .00000039  00000-0  31649-4 0  9994
2 40697  98.5630 158.3641 0001287  97.4003 262.7327 14.30817985561443
1 40697U 15028A   26082.48048778  .00000376  00000-0  16021-3 0  9995
2 40697  98.5629 158.5708 0001299  96.3998 263.7333 14.30819083561473
1 40697U 15028A   26082.96999828  .00000111  00000-0  59049-4 0  9994
2 40697  98.5627 159.0530 0001310  97.4047 262.7285 14.30818481561545
1 40697U 15028A   26083.24971788  .00000197  00000-0  91884-4 0  9998
2 40697  98.5626 159.3286 0001298  97.0720 263.0611 14.30819147561585
1 40697U 15028A   26083.45950757  .00000543  00000-0  22379-3 0  9991
2 40697  98.5625 159.5355 0001305  96.4629 263.6702 14.30820264561616
1 40697U 15028A   26083.94901817  .00000103  00000-0  56105-4 0  9995
2 40697  98.5624 160.0176 0001313  97.5451 262.5881 14.30819022561680
1 40697U 15028A   26084.64831763  .00000240  00000-0  10799-3 0  9995
2 40697  98.5622 160.7070 0001314  95.8372 264.2960 14.30819979561781
1 40697U 15028A   26084.85810824 -.00000072  00000-0 -10854-4 0  9991
2 40697  98.5622 160.9134 0001303  95.8229 264.3102 14.30818810561819
1 40697U 15028A   26084.92803833 -.00000145  00000-0 -38593-4 0  9992
2 40697  98.5622 160.9824 0001310  96.9281 263.2052 14.30818555561822
1 40697U 15028A   26085.20775789 -.00000094  00000-0 -19125-4 0  9995
2 40697  98.5622 161.2581 0001298  98.2896 261.8434 14.30818994561867
1 40697U 15028A   26085.27768797 -.00000105  00000-0 -23306-4 0  9992
2 40697  98.5622 161.3271 0001295  97.3718 262.7612 14.30818941561875
1 40697U 15028A   26085.48747765  .00000202  00000-0  93539-4 0  9998
2 40697  98.5622 161.5339 0001308  96.8405 263.2926 14.30819869561902
1 40697U 15028A   26085.83712800 -.00000030  00000-0  50579-5 0  9997
2 40697  98.5622 161.8783 0001308  96.2507 263.8824 14.30819161561958
1 40697U 15028A   26085.90705807 -.00000084  00000-0 -15259-4 0  9999
2 40697  98.5622 161.9472 0001313  96.4545 263.6787 14.30818985561964
1 40697U 15028A   26086.18677750  .00000026  00000-0  26412-4 0  9992
2 40697  98.5622 162.2227 0001287  96.5148 263.6182 14.30819635562004
1 40697U 15028A   26086.25670744  .00000086  00000-0  49578-4 0  9990
2 40697  98.5622 162.2917 0001290  95.7816 264.3514 14.30819829562010
1 40697U 15028A   26086.60635674  .00000415  00000-0  17484-3 0  9998
2 40697  98.5622 162.6364 0001306  94.9183 265.2149 14.30821118562069
1 40697U 15028A   26086.74621683  .00000277  00000-0  12232-3 0  9990
2 40697  98.5622 162.7741 0001306  95.2943 264.8389 14.30820690562084
1 40697U 15028A   26086.81614712  .00000146  00000-0  72477-4 0  9996
2 40697  98.5622 162.8429 0001301  95.9677 264.1654 14.30820132562094
1 40697U 15028A   26086.95600720  .00000024  00000-0  25865-4 0  9999
2 40697  98.5622 162.9807 0001315  96.5483 263.5849 14.30819796562118
1 40697U 15028A   26087.16579679  .00000044  00000-0  33541-4 0  9993
2 40697  98.5622 163.1873 0001305  96.7624 263.3708 14.30820083562148
1 40697U 15028A   26087.23572681  .00000022  00000-0  25199-4 0  9993
2 40697  98.5623 163.2564 0001305  96.6211 263.5120 14.30820014562153
1 40697U 15028A   26087.51544634  .00000317  00000-0  13772-3 0  9991
2 40697  98.5623 163.5322 0001321  95.2237 264.9096 14.30821004562190
1 40697U 15028A   26087.58537622  .00000321  00000-0  13898-3 0  9991
2 40697  98.5623 163.6011 0001318  94.9800 265.1533 14.30821091562201
1 40697U 15028A   26087.86509656  .00000025  00000-0  25992-4 0  9998
2 40697  98.5623 163.8764 0001313  94.9291 265.2042 14.30820065562247
1 40697U 15028A   26087.93502669 -.00000078  00000-0 -13184-4 0  9993
2 40697  98.5624 163.9453 0001314  95.4049 264.7284 14.30819699562256
1 40697U 15028A   26088.21474630 -.00000132  00000-0 -33642-4 0  9993
2 40697  98.5623 164.2209 0001299  95.9455 264.1876 14.30819751562290
1 40697U 15028A   26089.19376509  .00000042  00000-0  32581-4 0  9996
2 40697  98.5624 165.1854 0001296  95.1472 264.9858 14.30820608562432
1 40697U 15028A   26089.26369502  .00000015  00000-0  22501-4 0  9990
2 40697  98.5624 165.2543 0001291  95.2860 264.8470 14.30820546562446
1 40697U 15028A   26089.47348443  .00000348  00000-0  14953-3 0  9994
2 40697  98.5624 165.4610 0001320  94.3598 265.7736 14.30821676562477
1 40697U 15028A   26089.61334391  .00000521  00000-0  21527-3 0  9995
2 40697  98.5624 165.5988 0001327  93.5187 266.6148 14.30822420562495
1 40697U 15028A   26089.96299396  .00000250  00000-0  11210-3 0  9995
2 40697  98.5625 165.9431 0001324  94.8902 265.2432 14.30821526562542
1 40697U 15028A   26090.17278328  .00000276  00000-0  12178-3 0  9994
2 40697  98.5624 166.1497 0001320  95.2897 264.8437 14.30821925562576
1 40697U 15028A   26090.31264302  .00000233  00000-0  10533-3 0  9993
2 40697  98.5624 166.2877 0001317  95.1397 264.9936 14.30821902562591
1 40697U 15028A   26090.52243235  .00000546  00000-0  22504-3 0  9996
2 40697  98.5625 166.4944 0001330  94.0020 266.1315 14.30822993562625
1 40697U 15028A   26090.59236212  .00000562  00000-0  23098-3 0  9997
2 40697  98.5625 166.5634 0001324  93.8098 266.3236 14.30823143562630
1 40697U 15028A   26090.80215211  .00000291  00000-0  12774-3 0  9995
2 40697  98.5623 166.7699 0001316  93.6898 266.4436 14.30822317562666
1 40697U 15028A   26090.94201218  .00000132  00000-0  67147-4 0  9991
2 40697  98.5625 166.9076 0001323  95.1365 264.9969 14.30821717562682
1 43797U 18099AR  26059.49924667  .00016427  00000-0  34726-3 0  9991
2 43797  96.9401  87.3139 0004547 161.9651 198.1761 15.45212732405050
1 43797U 18099AR  26059.49924667  .00016427  00000-0  34726-3 0  9991
2 43797  96.9401  87.3139 0004547 161.9651 198.1761 15.45212732405050
1 43797U 18099AR  26060.08207080  .00017943  00000-0  37880-3 0  9999
2 43797  96.9393  87.8707 0004596 160.5716 199.5710 15.45236192405142
1 43797U 18099AR  26060.08207080  .00017943  00000-0  37880-3 0  9999
2 43797  96.9393  87.8707 0004596 160.5716 199.5710 15.45236193405143
1 43797U 18099AR  26060.60012982  .00019093  00000-0  40261-3 0  9997
2 43797  96.9388  88.3655 0004660 159.4159 200.7280 15.45256566405227
1 43797U 18099AR  26060.98866954  .00018874  00000-0  39783-3 0  9997
2 43797  96.9385  88.7367 0004713 158.3741 201.7709 15.45271425405286
1 43797U 18099AR  26061.05342578  .00018868  00000-0  39766-3 0  9991
2 43797  96.9385  88.7986 0004719 158.1423 202.0029 15.45274096405291
1 43797U 18099AR  26061.50671625  .00020153  00000-0  42427-3 0  9997
2 43797  96.9382  89.2322 0004801 156.6418 203.5051 15.45293643405365
1 43797U 18099AR  26061.63622706  .00019032  00000-0  40076-3 0  9999
2 43797  96.9382  89.3560 0004813 156.2058 203.9415 15.45297388405389
1 43797U 18099AR  26061.63622707  .00019032  00000-0  40076-3 0  9990
2 43797  96.9382  89.3560 0004813 156.2058 203.9415 15.45297388405389
1 43797U 18099AR  26062.02475598  .00019754  00000-0  41563-3 0  9991
2 43797  96.9381  89.7275 0004830 155.2688 204.8795 15.45314497405441
1 43797U 18099AR  26062.60754222  .00021765  00000-0  45727-3 0  9990
2 43797  96.9378  90.2845 0004874 154.0590 206.0905 15.45340085405533
1 43797U 18099AR  26062.60754223  .00021765  00000-0  45727-3 0  9991
2 43797  96.9378  90.2845 0004874 154.0590 206.0905 15.45340085405533
1 43797U 18099AR  26063.06081354  .00023634  00000-0  49589-3 0  9997
2 43797  96.9377  90.7179 0004935 152.7288 207.4222 15.45361946405608
1 43797U 18099AR  26063.06081354  .00023634  00000-0  49589-3 0  9997
2 43797  96.9377  90.7179 0004935 152.7288 207.4222 15.45361946405608
1 43797U 18099AR  26064.03208825  .00020862  00000-0  43745-3 0  9997
2 43797  96.9377  91.6466 0005062 150.3449 209.8089 15.45403907405759
1 43797U 18099AR  26064.03208825  .00020862  00000-0  43745-3 0  9997
2 43797  96.9377  91.6466 0005062 150.3449 209.8089 15.45403907405759
1 43797U 18099AR  26064.61484068  .00020512  00000-0  42979-3 0  9996
2 43797  96.9380  92.2038 0005133 149.1452 211.0101 15.45428423405844
1 43797U 18099AR  26064.61484069  .00020512  00000-0  42979-3 0  9997
2 43797  96.9380  92.2038 0005133 149.1452 211.0101 15.45428423405844
1 43797U 18099AR  26065.06808615  .00017260  00000-0  36186-3 0  9993
2 43797  96.9380  92.6371 0005087 147.8494 212.3068 15.45445380405912
1 43797U 18099AR  26065.52132718  .00020421  00000-0  42737-3 0  9990
2 43797  96.9381  93.0704 0005182 147.0611 213.0963 15.45464340405983
1 43797U 18099AR  26066.03931104  .00019497  00000-0  40792-3 0  9993
2 43797  96.9382  93.5662 0005211 145.2286 214.9306 15.45481263406067
1 43797U 18099AR  26066.03931105  .00019497  00000-0  40792-3 0  9994
2 43797  96.9382  93.5662 0005211 145.2286 214.9306 15.45481264406068
1 43797U 18099AR  26066.62203318  .00023100  00000-0  48227-3 0  9994
2 43797  96.9382  94.1235 0005364 143.8190 216.3424 15.45510326406157
1 43797U 18099AR  26067.01050866  .00024269  00000-0  50618-3 0  9990
2 43797  96.9382  94.4952 0005361 142.5290 217.6335 15.45530024406219
1 43797U 18099AR  26067.07525418  .00023749  00000-0  49536-3 0  9995
2 43797  96.9382  94.5570 0005363 142.3921 217.7705 15.45532915406221
1 43797U 18099AR  26067.52846865  .00022789  00000-0  47509-3 0  9998
2 43797  96.9383  94.9903 0005444 141.3819 218.7821 15.45554543406299
1 43797U 18099AR  26067.59321303  .00023029  00000-0  48002-3 0  9997
2 43797  96.9383  95.0523 0005451 141.1040 219.0603 15.45557776406306
1 43797U 18099AR  26068.62910795  .00017526  00000-0  36545-3 0  9995
2 43797  96.9382  96.0430 0005583 138.2727 221.8950 15.45599123406463
1 43797U 18099AR  26068.62910795  .00017526  00000-0  36545-3 0  9995
2 43797  96.9382  96.0430 0005583 138.2727 221.8950 15.45599123406463
1 43797U 18099AR  26069.01756111  .00019743  00000-0  41110-3 0  9996
2 43797  96.9381  96.4148 0005578 137.3604 222.8080 15.45616302406521
1 43797U 18099AR  26069.01756126  .00019132  00000-0  39848-3 0  9999
2 43797  96.9381  96.4148 0005575 137.3242 222.8442 15.45615443406523
1 43797U 18099AR  26069.01756127  .00019132  00000-0  39848-3 0  9990
2 43797  96.9381  96.4148 0005575 137.3242 222.8442 15.45615443406523
1 43797U 18099AR  26069.85919617  .00020823  00000-0  43291-3 0  9993
2 43797  96.9383  97.2200 0005693 135.0082 225.1631 15.45651167406654
1 43797U 18099AR  26069.98867689  .00019750  00000-0  41068-3 0  9995
2 43797  96.9382  97.3439 0005705 134.6102 225.5614 15.45656100406679
1 43797U 18099AR  26070.11815725  .00019122  00000-0  39764-3 0  9999
2 43797  96.9382  97.4677 0005706 134.1029 226.0692 15.45660370406696
1 43797U 18099AR  26070.31237687  .00019894  00000-0  41348-3 0  9993
2 43797  96.9381  97.6535 0005726 133.5087 226.6640 15.45668572406724
1 43797U 18099AR  26070.50659523  .00020031  00000-0  41618-3 0  9996
2 43797  96.9382  97.8393 0005739 133.0089 227.1643 15.45677363406750
1 43797U 18099AR  26070.83029085  .00017996  00000-0  37404-3 0  9990
2 43797  96.9383  98.1490 0005756 132.1154 228.0587 15.45687779406800
1 43797U 18099AR  26070.95976839  .00017538  00000-0  36451-3 0  9994
2 43797  96.9383  98.2728 0005761 131.7734 228.4009 15.45692497406828
1 43797U 18099AR  26071.15398361  .00018983  00000-0  39422-3 0  9991
2 43797  96.9383  98.4586 0005776 131.3627 228.8121 15.45702021406852
1 43797U 18099AR  26071.28346019  .00018728  00000-0  38890-3 0  9993
2 43797  96.9382  98.5824 0005782 131.1258 229.0492 15.45706079406875
1 43797U 18099AR  26071.60714967  .00018627  00000-0  38666-3 0  9999
2 43797  96.9382  98.8921 0005796 130.4924 229.6832 15.45718225406929
1 43797U 18099AR  26071.67188722  .00018880  00000-0  39183-3 0  9996
2 43797  96.9382  98.9540 0005805 130.3754 229.8004 15.45720832406939
1 43797U 18099AR  26071.80136206  .00018852  00000-0  39118-3 0  9998
2 43797  96.9382  99.0777 0005813 130.0292 230.1469 15.45725464406954
1 43797U 18099AR  26071.93083646  .00019274  00000-0  39981-3 0  9998
2 43797  96.9381  99.2016 0005817 129.7029 230.4735 15.45730957406972
1 43797U 18099AR  26071.99557348  .00019288  00000-0  40006-3 0  9994
2 43797  96.9381  99.2636 0005818 129.5455 230.6311 15.45733636406982
1 43797U 18099AR  26072.57820281  .00019948  00000-0  41335-3 0  9997
2 43797  96.9381  99.8208 0005849 127.8881 232.2899 15.45755994407072
1 43797U 18099AR  26072.96661754  .00019619  00000-0  40636-3 0  9996
2 43797  96.9381 100.1924 0005874 126.9428 233.2361 15.45770367407131
1 43797U 18099AR  26073.29029316  .00020818  00000-0  43085-3 0  9999
2 43797  96.9380 100.5020 0005895 126.2356 233.9440 15.45784286407182
1 43797U 18099AR  26073.61396582  .00023902  00000-0  49394-3 0  9993
2 43797  96.9378 100.8116 0005944 126.0100 234.1703 15.45801240407239
1 43797U 18099AR  26073.93763489  .00020660  00000-0  42716-3 0  9991
2 43797  96.9377 101.1213 0005943 125.0761 235.1048 15.45814282407289
1 43797U 18099AR  26074.32603422  .00018088  00000-0  37409-3 0  9999
2 43797  96.9375 101.4927 0005969 124.3795 235.8020 15.45829991407346
1 43797U 18099AR  26074.58496593  .00016188  00000-0  33498-3 0  9999
2 43797  96.9375 101.7405 0005964 123.2952 236.8870 15.45835855407382
1 43797U 18099AR  26074.97335967  .00015532  00000-0  32136-3 0  9999
2 43797  96.9374 102.1120 0005995 122.3058 237.8773 15.45849954407446
1 43797U 18099AR  26075.23228759  .00016879  00000-0  34890-3 0  9993
2 43797  96.9373 102.3597 0006011 121.6457 238.5381 15.45859463407483
1 43797U 18099AR  26075.81487038  .00014701  00000-0  30402-3 0  9991
2 43797  96.9370 102.9170 0006075 120.4288 239.7563 15.45874957407572
1 43797U 18099AR  26076.07379387  .00014409  00000-0  29794-3 0  9994
2 43797  96.9368 103.1647 0006088 119.8554 240.3302 15.45883024407612
1 43797U 18099AR  26076.33271661  .00012259  00000-0  25376-3 0  9992
2 43797  96.9367 103.4124 0006097 119.1492 241.0369 15.45887130407655
1 43797U 18099AR  26076.52690772  .00012505  00000-0  25876-3 0  9990
2 43797  96.9366 103.5982 0006103 118.6081 241.5784 15.45893306407684
1 43797U 18099AR  26076.78582834  .00012920  00000-0  26720-3 0  9997
2 43797  96.9366 103.8459 0006127 118.0198 242.1673 15.45900289407723
1 43797U 18099AR  26076.78582835  .00012920  00000-0  26720-3 0  9998
2 43797  96.9366 103.8459 0006127 118.0198 242.1673 15.45900289407723
1 43797U 18099AR  26077.30366647  .00012521  00000-0  25891-3 0  9993
2 43797  96.9364 104.3413 0006185 116.5209 243.6677 15.45912468407808
1 43797U 18099AR  26077.30366647  .00012521  00000-0  25891-3 0  9993
2 43797  96.9364 104.3413 0006185 116.5208 243.6677 15.45912468407807
1 43797U 18099AR  26077.82150087  .00012927  00000-0  26712-3 0  9992
2 43797  96.9361 104.8367 0006235 115.2302 244.9596 15.45924981407889
1 43797U 18099AR  26077.82150087  .00012927  00000-0  26712-3 0  9992
2 43797  96.9361 104.8367 0006235 115.2301 244.9596 15.45924981407888
1 43797U 18099AR  26078.01568744  .00013745  00000-0  28383-3 0  9992
2 43797  96.9361 105.0225 0006230 114.7712 245.4188 15.45931157407919
1 43797U 18099AR  26078.66297237  .00012469  00000-0  25756-3 0  9992
2 43797  96.9358 105.6418 0006237 113.1982 246.9926 15.45944788408016
1 43797U 18099AR  26078.66297237  .00012469  00000-0  25756-3 0  9992
2 43797  96.9358 105.6417 0006237 113.1982 246.9926 15.45944788408015
1 43797U 18099AR  26079.05134006  .00014800  00000-0  30517-3 0  9992
2 43797  96.9356 106.0133 0006256 112.1625 248.0290 15.45957003408074
1 43797U 18099AR  26079.05134007  .00014800  00000-0  30517-3 0  9993
2 43797  96.9356 106.0133 0006256 112.1625 248.0290 15.45957003408074
1 43797U 18099AR  26079.50443343  .00015303  00000-0  31537-3 0  9991
2 43797  96.9353 106.4468 0006267 110.9909 249.2012 15.45967150408146
1 43797U 18099AR  26079.50443343  .00015303  00000-0  31537-3 0  9991
2 43797  96.9353 106.4468 0006267 110.9909 249.2012 15.45967150408146
1 43797U 18099AR  26079.76334218  .00017104  00000-0  35210-3 0  9992
2 43797  96.9356 106.6945 0006285 110.3282 249.8645 15.45975464408188
1 43797U 18099AR  26079.95752278  .00016258  00000-0  33475-3 0  9993
2 43797  96.9356 106.8803 0006287 109.8026 250.3903 15.45979975408213
1 43797U 18099AR  26080.02224927  .00016846  00000-0  34674-3 0  9993
2 43797  96.9357 106.9423 0006285 109.7393 250.4536 15.45982900408223
1 43797U 18099AR  26080.54005607  .00023912  00000-0  49057-3 0  9995
2 43797  96.9356 107.4378 0006268 108.4574 251.7358 15.46011504408304
1 43797U 18099AR  26080.79895615  .00024051  00000-0  49319-3 0  9994
2 43797  96.9356 107.6855 0006270 107.9464 252.2471 15.46023878408344
1 43797U 18099AR  26081.96398212  .00020437  00000-0  41877-3 0  9990
2 43797  96.9360 108.8004 0006306 104.8244 255.3705 15.46076005408524
1 43797U 18099AR  26082.02870444  .00024009  00000-0  49136-3 0  9995
2 43797  96.9360 108.8625 0006290 104.8028 255.3920 15.46082278408534
1 43797U 18099AR  26082.80536596  .00016125  00000-0  33057-3 0  9993
2 43797  96.9359 109.6058 0006298 103.3947 256.8006 15.46109074408651
1 43797U 18099AR  26083.32313135  .00014976  00000-0  30696-3 0  9991
2 43797  96.9360 110.1011 0006271 102.3290 257.8662 15.46129129408731
1 43797U 18099AR  26083.32313136  .00014976  00000-0  30696-3 0  9992
2 43797  96.9360 110.1011 0006271 102.3291 257.8662 15.46129129408732
1 43797U 18099AR  26084.03505041  .00015841  00000-0  32430-3 0  9999
2 43797  96.9361 110.7825 0006292 100.2447 259.9514 15.46153169408847
1 43797U 18099AR  26084.81167648  .00017679  00000-0  36131-3 0  9995
2 43797  96.9360 111.5257 0006305  98.7323 261.4642 15.46180735408965
1 43797U 18099AR  26084.81167648  .00017679  00000-0  36131-3 0  9995
2 43797  96.9360 111.5257 0006305  98.7323 261.4642 15.46180735408965
1 43797U 18099AR  26085.07054870  .00016305  00000-0  33334-3 0  9993
2 43797  96.9362 111.7735 0006256  98.1656 262.0305 15.46188737409007
1 43797U 18099AR  26085.32941945  .00016364  00000-0  33443-3 0  9995
2 43797  96.9360 112.0213 0006276  97.4053 262.7911 15.46197462409044
1 43797U 18099AR  26085.52357167  .00016171  00000-0  33043-3 0  9996
2 43797  96.9360 112.2071 0006274  96.9524 263.2441 15.46204341409075
1 43797U 18099AR  26085.65300588  .00016566  00000-0  33839-3 0  9996
2 43797  96.9361 112.3309 0006266  96.7137 263.4827 15.46209294409094
1 43797U 18099AR  26085.97658964  .00018506  00000-0  37755-3 0  9992
2 43797  96.9360 112.6406 0006272  95.9601 264.2364 15.46223117409149
1 43797U 18099AR  26086.04130609  .00018633  00000-0  38010-3 0  9998
2 43797  96.9360 112.7026 0006274  95.8450 264.3516 15.46225689409158
1 43797U 18099AR  26086.30017156  .00016664  00000-0  34013-3 0  9999
2 43797  96.9359 112.9504 0006280  95.1553 265.0415 15.46231230409192
1 43797U 18099AR  26086.55903532  .00016850  00000-0  34378-3 0  9999
2 43797  96.9358 113.1982 0006281  94.5601 265.6368 15.46240568409234
1 43797U 18099AR  26086.68846656  .00016910  00000-0  34493-3 0  9991
2 43797  96.9358 113.3221 0006283  94.2887 265.9082 15.46245088409257
1 43797U 18099AR  26086.81789735  .00017389  00000-0  35459-3 0  9994
2 43797  96.9357 113.4461 0006282  93.9907 266.2062 15.46250205409272
1 43797U 18099AR  26086.88261268  .00017384  00000-0  35446-3 0  9998
2 43797  96.9357 113.5080 0006284  93.8287 266.3682 15.46252455409281
1 43797U 18099AR  26087.20618718  .00018812  00000-0  38318-3 0  9999
2 43797  96.9356 113.8176 0006268  93.0440 267.1528 15.46266372409331
1 43797U 18099AR  26087.20618719  .00018812  00000-0  38318-3 0  9990
2 43797  96.9356 113.8176 0006268  93.0440 267.1528 15.46266372409331
1 43797U 18099AR  26087.52975905  .00019793  00000-0  40284-3 0  9992
2 43797  96.9355 114.1273 0006257  92.2330 267.9637 15.46280243409386
1 43797U 18099AR  26087.59447302  .00020080  00000-0  40861-3 0  9996
2 43797  96.9355 114.1892 0006257  92.1156 268.0812 15.46283245409391
1 43797U 18099AR  26087.85332814  .00020129  00000-0  40945-3 0  9993
2 43797  96.9355 114.4369 0006275  91.5851 268.6118 15.46293330409434
1 43797U 18099AR  26087.85332814  .00020129  00000-0  40945-3 0  9993
2 43797  96.9355 114.4369 0006275  91.5851 268.6118 15.46293330409434
1 43797U 18099AR  26088.11218137  .00020366  00000-0  41408-3 0  9992
2 43797  96.9351 114.6848 0006283  91.1446 269.0524 15.46304622409476
1 43797U 18099AR  26089.08286239  .00023375  00000-0  47407-3 0  9995
2 43797  96.9347 115.6137 0006247  88.7305 271.4662 15.46351805409621
1 43797U 18099AR  26089.14757348  .00021794  00000-0  44219-3 0  9997
2 43797  96.9347 115.6756 0006239  88.6894 271.5072 15.46353420409633
1 43797U 18099AR  26089.53583729  .00023503  00000-0  47633-3 0  9993
2 43797  96.9346 116.0470 0006197  88.0724 272.1236 15.46372428409693
1 43797U 18099AR  26089.60054754  .00023708  00000-0  48040-3 0  9992
2 43797  96.9345 116.1090 0006206  87.9198 272.2763 15.46375295409708
1 43797U 18099AR  26089.85938705  .00024274  00000-0  49161-3 0  9990
2 43797  96.9344 116.3569 0006211  86.9494 273.2467 15.46386798409740
1 43797U 18099AR  26090.18293344  .00020179  00000-0  40897-3 0  9998
2 43797  96.9343 116.6665 0006183  86.1332 274.0625 15.46400241409790
1 43797U 18099AR  26090.31235130  .00020229  00000-0  40991-3 0  9993
2 43797  96.9343 116.7904 0006176  86.1040 274.0917 15.46405655409816
1 43797U 18099AR  26090.50647737  .00020848  00000-0  42223-3 0  9991
2 43797  96.9343 116.9761 0006167  85.7671 274.4284 15.46414935409849
1 43797U 18099AR  26090.57118588  .00020506  00000-0  41531-3 0  9997
2 43797  96.9343 117.0381 0006170  85.6557 274.5398 15.46417224409857
1 43797U 18099AR  26090.83001867  .00021741  00000-0  44001-3 0  9994
2 43797  96.9342 117.2860 0006162  84.7687 275.4267 15.46427003409890
1 43797U 18099AR  26090.89472658  .00022170  00000-0  44859-3 0  9998
2 43797  96.9341 117.3480 0006151  84.5074 275.6878 15.46429953409902
1 43800U 18099AU  26059.17511890  .00005253  00000-0  27456-3 0  9998
2 43800  97.4519 114.9730 0009443 328.1507  31.9153 15.16267814396295
1 43800U 18099AU  26059.24111203  .00005868  00000-0  30628-3 0  9997
2 43800  97.4519 115.0381 0009414 328.0160  32.0501 15.16269389396301
1 43800U 18099AU  26059.50508374  .00009679  00000-0  50260-3 0  9993
2 43800  97.4517 115.2975 0009473 327.1735  32.8908 15.16278286396342
1 43800U 18099AU  26059.83504985  .00005656  00000-0  29532-3 0  9992
2 43800  97.4516 115.6209 0009452 325.7146  34.3476 15.16276269396393
1 43800U 18099AU  26059.96703534  .00005517  00000-0  28809-3 0  9999
2 43800  97.4517 115.7503 0009442 325.2230  34.8385 15.16278297396410
1 43800U 18099AU  26060.16501226  .00006382  00000-0  33267-3 0  9992
2 43800  97.4517 115.9451 0009444 324.0603  35.9993 15.16283681396440
1 43800U 18099AU  26060.29699722  .00008607  00000-0  44727-3 0  9990
2 43800  97.4517 116.0749 0009441 323.9892  36.0704 15.16288188396468
1 43800U 18099AU  26060.49497355  .00011751  00000-0  60900-3 0  9995
2 43800  97.4516 116.2698 0009482 323.4450  36.6135 15.16296239396495
1 43800U 18099AU  26060.89092847  .00006538  00000-0  34058-3 0  9998
2 43800  97.4516 116.6576 0009472 321.9471  38.1092 15.16294369396557
1 43800U 18099AU  26060.95692003  .00006882  00000-0  35833-3 0  9999
2 43800  97.4517 116.7223 0009402 321.6115  38.4448 15.16296574396562
1 43800U 18099AU  26061.22088671  .00008064  00000-0  41911-3 0  9998
2 43800  97.4517 116.9821 0009404 320.4865  39.5681 15.16303453396600
1 43800U 18099AU  26061.48485235  .00012738  00000-0  65944-3 0  9998
2 43800  97.4515 117.2415 0009386 319.8783  40.1756 15.16314505396646
1 43800U 18099AU  26061.61683573  .00010919  00000-0  56588-3 0  9991
2 43800  97.4512 117.3708 0009420 319.4635  40.5896 15.16314555396666
1 43800U 18099AU  26061.88080325  .00005056  00000-0  26413-3 0  9996
2 43800  97.4513 117.6294 0009286 318.3064  41.7460 15.16309523396708
1 43800U 18099AU  26061.94679478  .00003788  00000-0  19875-3 0  9990
2 43800  97.4511 117.6940 0009304 318.2439  41.8083 15.16309156396715
1 43800U 18099AU  26062.21075865  .00006270  00000-0  32658-3 0  9994
2 43800  97.4510 117.9538 0009257 316.9270  43.1238 15.16316996396756
1 43800U 18099AU  26062.54071248  .00011667  00000-0  60412-3 0  9996
2 43800  97.4508 118.2779 0009224 316.0861  43.9638 15.16329689396806
1 43800U 18099AU  26062.67269485  .00009412  00000-0  48816-3 0  9991
2 43800  97.4505 118.4073 0009250 315.7073  44.3419 15.16328478396821
1 43800U 18099AU  26062.87066843  .00005708  00000-0  29758-3 0  9994
2 43800  97.4506 118.6013 0009164 314.8648  45.1840 15.16325530396856
1 43800U 18099AU  26062.93665888  .00005986  00000-0  31191-3 0  9997
2 43800  97.4506 118.6661 0009146 314.6111  45.4375 15.16327255396861
1 43800U 18099AU  26063.20062006  .00007171  00000-0  37282-3 0  9996
2 43800  97.4505 118.9258 0009120 313.2368  46.8102 15.16334059396904
1 43800U 18099AU  26063.53056965  .00013702  00000-0  70835-3 0  9997
2 43800  97.4503 119.2501 0009079 312.5377  47.5089 15.16349393396956
1 43800U 18099AU  26063.59655970  .00013011  00000-0  67286-3 0  9993
2 43800  97.4502 119.3148 0009091 312.3099  47.7363 15.16349984396960
1 43800U 18099AU  26063.86052106  .00008202  00000-0  42575-3 0  9995
2 43800  97.4503 119.5734 0009053 310.9691  49.0758 15.16346961397005
1 43800U 18099AU  26064.19046860  .00007609  00000-0  39516-3 0  9993
2 43800  97.4501 119.8982 0009012 309.0894  50.9536 15.16353546397057
1 43800U 18099AU  26064.32244756  .00009196  00000-0  47670-3 0  9995
2 43800  97.4500 120.0280 0008982 308.7362  51.3067 15.16357473397071
1 43800U 18099AU  26064.58640481  .00010284  00000-0  53253-3 0  9992
2 43800  97.4497 120.2869 0009101 308.0890  51.9522 15.16363851397118
1 43800U 18099AU  26064.78437406  .00005946  00000-0  30957-3 0  9990
2 43800  97.4495 120.4810 0009061 306.9380  53.1023 15.16359730397144
1 43800U 18099AU  26064.85036363  .00005130  00000-0  26755-3 0  9991
2 43800  97.4495 120.5457 0009057 306.6396  53.4003 15.16359276397158
1 43800U 18099AU  26064.98234185  .00004760  00000-0  24852-3 0  9991
2 43800  97.4495 120.6751 0009054 306.0264  54.0130 15.16361078397174
1 43800U 18099AU  26065.31228626  .00007152  00000-0  37149-3 0  9993
2 43800  97.4494 120.9999 0009063 304.6839  55.3539 15.16369132397224
1 43800U 18099AU  26065.64223010  .00007956  00000-0  41276-3 0  9999
2 43800  97.4490 121.3238 0009109 303.6480  56.3883 15.16375458397279
1 43800U 18099AU  26065.84019737  .00005500  00000-0  28648-3 0  9991
2 43800  97.4491 121.5177 0009093 302.5005  57.5348 15.16373268397307
1 43800U 18099AU  26066.17013869  .00006321  00000-0  32861-3 0  9992
2 43800  97.4491 121.8421 0009096 300.7187  59.3150 15.16380904397357
1 43800U 18099AU  26066.30211522  .00008789  00000-0  45543-3 0  9994
2 43800  97.4490 121.9721 0009086 300.7068  59.3269 15.16385755397379
1 43800U 18099AU  26066.50007878  .00011721  00000-0  60583-3 0  9994
2 43800  97.4490 122.1666 0009105 300.0559  59.9771 15.16393643397403
1 43800U 18099AU  26066.63205516  .00009756  00000-0  50498-3 0  9996
2 43800  97.4488 122.2959 0009115 299.5768  60.4556 15.16393485397425
1 43800U 18099AU  26066.96199448  .00009055  00000-0  46891-3 0  9992
2 43800  97.4490 122.6192 0009049 297.7714  62.2601 15.16398239397476
1 43800U 18099AU  26067.02798157  .00009416  00000-0  48739-3 0  9996
2 43800  97.4490 122.6840 0009069 297.3394  62.6916 15.16400704397483
1 43800U 18099AU  26067.22594352  .00009884  00000-0  51134-3 0  9991
2 43800  97.4490 122.8789 0009093 296.7218  63.3084 15.16405824397518
1 43800U 18099AU  26067.48989145  .00014133  00000-0  72904-3 0  9998
2 43800  97.4490 123.1384 0009035 296.1112  63.9191 15.16417520397551
1 43800U 18099AU  26067.62186551  .00012659  00000-0  65350-3 0  9992
2 43800  97.4491 123.2675 0009067 295.4356  64.5938 15.16418657397573
1 43800U 18099AU  26067.95180130  .00007280  00000-0  37755-3 0  9997
2 43800  97.4491 123.5912 0008983 293.9835  66.0457 15.16417287397628
1 43800U 18099AU  26068.54567756  .00013123  00000-0  67694-3 0  9994
2 43800  97.4491 124.1754 0008936 291.9638  68.0645 15.16437708397717
1 43800U 18099AU  26068.61166414  .00011383  00000-0  58777-3 0  9996
2 43800  97.4489 124.2400 0008937 291.7977  68.2305 15.16436655397724
1 43800U 18099AU  26068.87561072  .00006026  00000-0  31306-3 0  9990
2 43800  97.4492 124.4986 0008895 290.6313  69.3966 15.16432047397764
1 43800U 18099AU  26068.94159707  .00003939  00000-0  20585-3 0  9993
2 43800  97.4491 124.5633 0008862 290.4063  69.6218 15.16430937397777
1 43800U 18099AU  26069.20553957  .00007095  00000-0  36782-3 0  9991
2 43800  97.4491 124.8230 0008856 288.6970  71.3301 15.16439904397813
1 43800U 18099AU  26069.33751087  .00009827  00000-0  50789-3 0  9997
2 43800  97.4490 124.9528 0008819 288.4539  71.5735 15.16445272397831
1 43800U 18099AU  26069.53546686  .00012447  00000-0  64205-3 0  9996
2 43800  97.4489 125.1472 0008811 287.7818  72.2453 15.16452980397866
1 43800U 18099AU  26069.86539628  .00006606  00000-0  34263-3 0  9991
2 43800  97.4491 125.4703 0008814 286.4721  73.5543 15.16449138397912
1 43800U 18099AU  26069.93138157  .00006097  00000-0  31655-3 0  9997
2 43800  97.4490 125.5352 0008792 286.2029  73.8236 15.16449929397927
1 43800U 18099AU  26070.19532196  .00006009  00000-0  31198-3 0  9993
2 43800  97.4490 125.7951 0008799 284.7026  75.3231 15.16454642397965
1 43800U 18099AU  26070.32729186  .00008797  00000-0  45487-3 0  9997
2 43800  97.4490 125.9249 0008758 284.3304  75.6956 15.16460007397988
1 43800U 18099AU  26070.52524597  .00011526  00000-0  59460-3 0  9998
2 43800  97.4490 126.1192 0008763 283.7908  76.2350 15.16467511398014
1 43800U 18099AU  26070.85517193  .00006019  00000-0  31240-3 0  9995
2 43800  97.4490 126.4427 0008803 282.3664  77.6583 15.16463824398068
1 43800U 18099AU  26070.98714125  .00005326  00000-0  27683-3 0  9999
2 43800  97.4489 126.5723 0008768 281.5989  78.4260 15.16465288398086
1 43800U 18099AU  26071.18509449  .00005031  00000-0  26167-3 0  9992
2 43800  97.4489 126.7675 0008811 280.5919  79.4322 15.16468453398116
1 43800U 18099AU  26071.31706355  .00006824  00000-0  35361-3 0  9999
2 43800  97.4488 126.8974 0008788 280.3084  79.7158 15.16472086398131
1 43800U 18099AU  26071.64698545  .00006985  00000-0  36179-3 0  9992
2 43800  97.4486 127.2212 0008837 279.3776  80.6457 15.16476972398186
1 43800U 18099AU  26071.71297043  .00005278  00000-0  27430-3 0  9992
2 43800  97.4485 127.2855 0008872 278.9864  81.0365 15.16474769398196
1 43800U 18099AU  26071.84493950  .00004543  00000-0  23662-3 0  9998
2 43800  97.4487 127.4148 0008871 278.1705  81.8522 15.16474658398213
1 43800U 18099AU  26071.97690737  .00005539  00000-0  28764-3 0  9998
2 43800  97.4486 127.5446 0008868 277.4471  82.5755 15.16478288398233
1 43800U 18099AU  26071.97690770  .00004742  00000-0  24680-3 0  9993
2 43800  97.4486 127.5446 0008854 277.4741  82.5486 15.16476955398238
1 43800U 18099AU  26072.63674566  .00008161  00000-0  42191-3 0  9998
2 43800  97.4484 128.1931 0008922 275.0261  84.9953 15.16491811398333
1 43800U 18099AU  26072.96666444  .00006511  00000-0  33734-3 0  9990
2 43800  97.4487 128.5166 0008929 272.8868  87.1343 15.16493426398382
1 43800U 18099AU  26073.29658058  .00008850  00000-0  45703-3 0  9996
2 43800  97.4488 128.8415 0008906 271.7483  88.2730 15.16502136398436
1 43800U 18099AU  26073.62649536  .00010399  00000-0  53622-3 0  9994
2 43800  97.4486 129.1656 0008917 270.9446  89.0765 15.16510803398489
1 43800U 18099AU  26073.95640993  .00007981  00000-0  41243-3 0  9997
2 43800  97.4490 129.4890 0008907 269.0961  90.9252 15.16513191398538
1 43800U 18099AU  26074.28632128  .00011228  00000-0  57837-3 0  9990
2 43800  97.4489 129.8134 0008893 267.9189  92.1026 15.16524529398589
1 43800U 18099AU  26074.61623219  .00011021  00000-0  56771-3 0  9995
2 43800  97.4488 130.1373 0008910 267.2232  92.7981 15.16531062398632
1 43800U 18099AU  26074.94614465  .00004119  00000-0  21455-3 0  9995
2 43800  97.4489 130.4605 0008858 265.2650  94.7571 15.16525619398680
1 43800U 18099AU  26075.34203574  .00005710  00000-0  29598-3 0  9999
2 43800  97.4488 130.8498 0008845 263.5521  96.4705 15.16532854398741
1 43800U 18099AU  26075.86989037  .00004606  00000-0  23942-3 0  9991
2 43800  97.4488 131.3679 0008793 261.2659  98.7578 15.16536784398825
1 43800U 18099AU  26076.19979777  .00004330  00000-0  22525-3 0  9998
2 43800  97.4484 131.6920 0008793 259.7587 100.2655 15.16540754398877
1 43800U 18099AU  26076.33176105  .00003119  00000-0  16325-3 0  9993
2 43800  97.4484 131.8219 0008803 259.2491 100.7752 15.16540130398894
1 43800U 18099AU  26076.59568594  .00005683  00000-0  29448-3 0  9996
2 43800  97.4483 132.0808 0008774 258.0985 101.9265 15.16546580398934
1 43800U 18099AU  26076.85961263  .00003954  00000-0  20596-3 0  9999
2 43800  97.4482 132.3401 0008759 257.0602 102.9653 15.16544931398977
1 43800U 18099AU  26076.99157507  .00003921  00000-0  20425-3 0  9997
2 43800  97.4482 132.4696 0008779 256.7135 103.3120 15.16546318398990
1 43800U 18099AU  26077.32148062  .00003188  00000-0  16670-3 0  9993
2 43800  97.4479 132.7939 0008829 254.5972 105.4286 15.16548537399048
1 43800U 18099AU  26077.51942384  .00003743  00000-0  19512-3 0  9998
2 43800  97.4480 132.9884 0008820 254.1130 105.9131 15.16551092399071
1 43800U 18099AU  26077.58540493  .00004075  00000-0  21212-3 0  9999
2 43800  97.4478 133.0530 0008835 254.2076 105.8183 15.16551974399080
1 43800U 18099AU  26077.84933058  .00002455  00000-0  12920-3 0  9997
2 43800  97.4473 133.3117 0008868 253.6431 106.3827 15.16549929399126
1 43800U 18099AU  26077.98129243  .00002622  00000-0  13771-3 0  9996
2 43800  97.4474 133.4412 0008892 253.1230 106.9029 15.16551350399148
1 43800U 18099AU  26078.31119635  .00003051  00000-0  15969-3 0  9996
2 43800  97.4470 133.7655 0008973 251.7710 108.2547 15.16555234399193
1 43800U 18099AU  26078.83904355  .00002387  00000-0  12566-3 0  9995
2 43800  97.4466 134.2836 0008995 250.0844 109.9420 15.16557133399276
1 43800U 18099AU  26078.90502427  .00002369  00000-0  12475-3 0  9996
2 43800  97.4466 134.3483 0009008 249.7424 110.2842 15.16557548399284
1 43800U 18099AU  26079.16894546  .00004340  00000-0  22558-3 0  9995
2 43800  97.4466 134.6074 0009112 248.1638 111.8626 15.16563669399322
1 43800U 18099AU  26079.23492637  .00003064  00000-0  16032-3 0  9990
2 43800  97.4465 134.6725 0009095 248.1929 111.8337 15.16562367399331
1 43800U 18099AU  26079.49884773  .00005276  00000-0  27348-3 0  9993
2 43800  97.4467 134.9319 0009077 247.0391 112.9885 15.16567914399373
1 43800U 18099AU  26079.63080841  .00005939  00000-0  30735-3 0  9993
2 43800  97.4465 135.0613 0009085 246.7367 113.2910 15.16570089399390
1 43800U 18099AU  26079.82875083  .00003586  00000-0  18700-3 0  9998
2 43800  97.4463 135.2556 0009104 245.7736 114.2546 15.16567007399423
1 43800U 18099AU  26079.96071135  .00003761  00000-0  19592-3 0  9994
2 43800  97.4466 135.3848 0009084 245.4318 114.5969 15.16568782399446
1 43800U 18099AU  26080.29061049  .00006012  00000-0  31102-3 0  9998
2 43800  97.4464 135.7093 0009126 243.9983 116.0311 15.16577054399493
1 43800U 18099AU  26080.62050744  .00012042  00000-0  61880-3 0  9991
2 43800  97.4461 136.0332 0009065 242.8025 117.2284 15.16591785399542
1 43800U 18099AU  26080.95040486  .00009251  00000-0  47630-3 0  9994
2 43800  97.4463 136.3564 0009088 240.7273 119.3053 15.16594317399597
1 43800U 18099AU  26081.28029863  .00014642  00000-0  75108-3 0  9998
2 43800  97.4460 136.6809 0009070 239.2075 120.8266 15.16608306399646
1 43800U 18099AU  26081.94008678  .00005465  00000-0  28278-3 0  9991
2 43800  97.4460 137.3285 0009081 236.4848 123.5518 15.16608978399747
1 43800U 18099AU  26082.26997703  .00009256  00000-0  47622-3 0  9999
2 43800  97.4460 137.6532 0009120 234.9836 125.0542 15.16620123399794
1 43800U 18099AU  26082.53388769  .00014212  00000-0  72866-3 0  9991
2 43800  97.4457 137.9125 0009072 234.1279 125.9113 15.16632616399838
1 43800U 18099AU  26082.92975657  .00006113  00000-0  31575-3 0  9995
2 43800  97.4457 138.3006 0009126 232.3621 127.6785 15.16627646399899
1 43800U 18099AU  26083.25964428  .00005699  00000-0  29455-3 0  9998
2 43800  97.4457 138.6252 0009170 231.0455 128.9962 15.16632274399945
1 43800U 18099AU  26083.52355337  .00009116  00000-0  46879-3 0  9998
2 43800  97.4455 138.8845 0009140 230.3243 129.7185 15.16640689399986
1 43800U 18099AU  26083.98539571  .00005299  00000-0  27407-3 0  9996
2 43800  97.4457 139.3374 0009243 228.6104 131.4335 15.16640128400057
1 43800U 18099AU  26084.64516529  .00006710  00000-0  34598-3 0  9996
2 43800  97.4453 139.9864 0009278 226.5743 133.4719 15.16650355400159
1 43800U 18099AU  26084.84309697  .00003874  00000-0  20128-3 0  9996
2 43800  97.4455 140.1802 0009364 225.5339 134.5129 15.16647331400183
1 43800U 18099AU  26084.97504997  .00005366  00000-0  27741-3 0  9996
2 43800  97.4456 140.3097 0009424 224.8331 135.2141 15.16651181400206
1 43800U 18099AU  26085.17297928  .00004864  00000-0  25174-3 0  9992
2 43800  97.4455 140.5044 0009477 224.5796 135.4676 15.16654243400239
1 43800U 18099AU  26085.30493229  .00006677  00000-0  34422-3 0  9999
2 43800  97.4455 140.6342 0009459 223.7748 136.2736 15.16657648400259
1 43800U 18099AU  26085.50286096  .00009269  00000-0  47625-3 0  9992
2 43800  97.4456 140.8288 0009443 223.1953 136.8540 15.16664099400286
1 43800U 18099AU  26085.83274378  .00005083  00000-0  26283-3 0  9995
2 43800  97.4457 141.1519 0009487 221.9310 138.1198 15.16661846400336
1 43800U 18099AU  26085.89871985  .00005327  00000-0  27532-3 0  9997
2 43800  97.4458 141.2166 0009506 221.6901 138.3608 15.16663196400340
1 43800U 18099AU  26085.96469606  .00004864  00000-0  25165-3 0  9993
2 43800  97.4457 141.2814 0009503 221.3938 138.6576 15.16663516400357
1 43800U 18099AU  26086.16262316  .00005701  00000-0  29431-3 0  9996
2 43800  97.4458 141.4760 0009568 220.8987 139.1529 15.16668711400388
1 43800U 18099AU  26086.29457483  .00007985  00000-0  41070-3 0  9990
2 43800  97.4459 141.6060 0009520 220.2597 139.7932 15.16673229400400
1 43800U 18099AU  26086.62445322  .00008979  00000-0  46128-3 0  9999
2 43800  97.4457 141.9300 0009476 219.4242 140.6302 15.16680054400456
1 43800U 18099AU  26086.75640544  .00006060  00000-0  31255-3 0  9990
2 43800  97.4459 142.0589 0009525 218.8675 141.1874 15.16677059400470
1 43800U 18099AU  26086.88835704  .00005121  00000-0  26467-3 0  9994
2 43800  97.4460 142.1883 0009532 218.1758 141.8801 15.16677175400491
1 43800U 18099AU  26086.95433227  .00004967  00000-0  25679-3 0  9997
2 43800  97.4460 142.2531 0009563 217.6085 142.4481 15.16678429400509
1 43800U 18099AU  26087.21823296  .00006384  00000-0  32899-3 0  9993
2 43800  97.4460 142.5127 0009582 216.8586 143.1990 15.16685037400541
1 43800U 18099AU  26087.28420802  .00007959  00000-0  40918-3 0  9996
2 43800  97.4461 142.5777 0009594 216.3571 143.7012 15.16687719400556
1 43800U 18099AU  26087.54810753  .00011613  00000-0  59504-3 0  9996
2 43800  97.4459 142.8370 0009526 215.4626 144.5974 15.16697371400596
1 43800U 18099AU  26087.61408267  .00010711  00000-0  54917-3 0  9998
2 43800  97.4460 142.9016 0009525 215.1773 144.8832 15.16697400400606
1 43800U 18099AU  26087.87798387  .00006254  00000-0  32227-3 0  9998
2 43800  97.4462 143.1601 0009592 213.8007 146.2616 15.16694142400640
1 43800U 18099AU  26087.94395883  .00005214  00000-0  26928-3 0  9996
2 43800  97.4459 143.2250 0009601 213.5115 146.5512 15.16693872400653
1 43800U 18099AU  26088.20785645  .00007012  00000-0  36080-3 0  9993
2 43800  97.4460 143.4845 0009667 212.5372 147.5266 15.16701481400690
1 43800U 18099AU  26089.19746734  .00008677  00000-0  44531-3 0  9996
2 43800  97.4454 144.4562 0009762 208.7706 151.2990 15.16722376400843
1 43800U 18099AU  26089.26344117  .00008014  00000-0  41157-3 0  9999
2 43800  97.4455 144.5211 0009756 208.5561 151.5139 15.16722525400851
1 43800U 18099AU  26089.52733477  .00010102  00000-0  51766-3 0  9997
2 43800  97.4457 144.7805 0009758 207.2177 152.8546 15.16730577400891
1 43800U 18099AU  26089.59330818  .00010601  00000-0  54301-3 0  9998
2 43800  97.4455 144.8452 0009728 207.1752 152.8973 15.16732369400900
1 43800U 18099AU  26089.92317628  .00006612  00000-0  34015-3 0  9996
2 43800  97.4453 145.1687 0009756 206.0197 154.0547 15.16731210400954
1 43800U 18099AU  26090.18706750  .00007883  00000-0  40472-3 0  9999
2 43800  97.4450 145.4280 0009860 205.1020 154.9735 15.16738556400996
1 43800U 18099AU  26090.25304067  .00008001  00000-0  41069-3 0  9998
2 43800  97.4450 145.4930 0009818 204.8416 155.2346 15.16739538401002
1 43800U 18099AU  26090.51693127  .00011370  00000-0  58179-3 0  9998
2 43800  97.4450 145.7524 0009782 204.1510 155.9266 15.16748829401047
1 43800U 18099AU  26090.58290410  .00010484  00000-0  53678-3 0  9997
2 43800  97.4447 145.8172 0009771 204.0031 156.0748 15.16748951401052
1 43800U 18099AU  26090.84679583  .00006626  00000-0  34071-3 0  9997
2 43800  97.4449 146.0758 0009845 202.9988 157.0806 15.16746957401091
1 43800U 18099AU  26090.91276837  .00005976  00000-0  30763-3 0  9991
2 43800  97.4448 146.1406 0009892 202.7109 157.3688 15.16747234401108
1 63229U 25052V   26059.25504028  .00006210  00000-0  28007-3 0  9993
2 63229  97.4089 313.5503 0005312 152.7995 207.3520 15.21361388 53274
1 63229U 25052V   26059.45235829  .00006270  00000-0  28274-3 0  9997
2 63229  97.4090 313.7446 0005338 152.1757 207.9765 15.21363872 53303
1 63229U 25052V   26059.71544796  .00006434  00000-0  29001-3 0  9993
2 63229  97.4091 314.0035 0005354 151.7910 208.3617 15.21367964 53347
1 63229U 25052V   26059.71544797  .00006434  00000-0  29001-3 0  9994
2 63229  97.4091 314.0035 0005354 151.7910 208.3617 15.21367964 53347
1 63229U 25052V   26060.17585382  .00006633  00000-0  29880-3 0  9997
2 63229  97.4090 314.4566 0005397 150.4913 209.6629 15.21374497 53419
1 63229U 25052V   26060.24162593  .00006920  00000-0  31158-3 0  9990
2 63229  97.4090 314.5213 0005407 150.3052 209.8492 15.21375918 53424
1 63229U 25052V   26060.24162593  .00006920  00000-0  31158-3 0  9990
2 63229  97.4090 314.5213 0005407 150.3052 209.8492 15.21375918 53424
1 63229U 25052V   26060.70202943  .00007029  00000-0  31638-3 0  9999
2 63229  97.4089 314.9745 0005442 148.8773 211.2786 15.21382690 53492
1 63229U 25052V   26060.96511628  .00006715  00000-0  30235-3 0  9993
2 63229  97.4088 315.2334 0005475 148.0955 212.0614 15.21385630 53530
1 63229U 25052V   26061.16243102  .00006619  00000-0  29807-3 0  9991
2 63229  97.4088 315.4276 0005496 147.5526 212.6049 15.21388388 53562
1 63229U 25052V   26061.42551676  .00006962  00000-0  31330-3 0  9993
2 63229  97.4088 315.6865 0005526 146.8472 213.3111 15.21392665 53600
1 63229U 25052V   26061.62283071  .00006696  00000-0  30142-3 0  9990
2 63229  97.4087 315.8807 0005542 146.2530 213.9060 15.21394988 53636
1 63229U 25052V   26061.68860181  .00006821  00000-0  30699-3 0  9996
2 63229  97.4087 315.9453 0005543 146.1136 214.0455 15.21396277 53640
1 63229U 25052V   26061.68860181  .00006821  00000-0  30699-3 0  9996
2 63229  97.4087 315.9453 0005543 146.1136 214.0454 15.21396277 53649
1 63229U 25052V   26062.14899939  .00006482  00000-0  29183-3 0  9990
2 63229  97.4085 316.3985 0005577 144.8248 215.3357 15.21401883 53712
1 63229U 25052V   26062.28054133  .00006600  00000-0  29708-3 0  9999
2 63229  97.4084 316.5279 0005586 144.4873 215.6736 15.21403771 53733
1 63229U 25052V   26062.60939495  .00007308  00000-0  32850-3 0  9996
2 63229  97.4083 316.8515 0005617 143.5630 216.5989 15.21409803 53781
1 63229U 25052V   26062.67516542  .00007449  00000-0  33477-3 0  9999
2 63229  97.4082 316.9163 0005627 143.3984 216.7637 15.21410796 53797
1 63229U 25052V   26062.67516542  .00007449  00000-0  33477-3 0  9999
2 63229  97.4082 316.9163 0005627 143.3984 216.7637 15.21410796 53797
1 63229U 25052V   26063.13555837  .00008464  00000-0  37986-3 0  9998
2 63229  97.4081 317.3693 0005657 142.1959 217.9675 15.21419155 53862
1 63229U 25052V   26063.26709866  .00008984  00000-0  40294-3 0  9998
2 63229  97.4082 317.4988 0005670 141.9001 218.2637 15.21422021 53881
1 63229U 25052V   26063.26709866  .00008984  00000-0  40294-3 0  9998
2 63229  97.4082 317.4988 0005670 141.9001 218.2637 15.21422021 53881
1 63229U 25052V   26064.25364608  .00007976  00000-0  35796-3 0  9990
2 63229  97.4077 318.4697 0005741 139.2638 220.9028 15.21436172 54032
1 63229U 25052V   26064.64826238  .00007956  00000-0  35701-3 0  9999
2 63229  97.4074 318.8581 0005823 137.7149 222.4536 15.21442422 54098
1 63229U 25052V   26064.71403147  .00008160  00000-0  36605-3 0  9999
2 63229  97.4074 318.9229 0005861 137.5195 222.6495 15.21443966 54101
1 63229U 25052V   26064.71403148  .00008160  00000-0  36605-3 0  9990
2 63229  97.4074 318.9229 0005861 137.5195 222.6495 15.21443966 54101
1 63229U 25052V   26065.24018371  .00007038  00000-0  31612-3 0  9995
2 63229  97.4074 319.4405 0005926 136.2753 223.8953 15.21450184 54181
1 63229U 25052V   26065.63479638  .00007488  00000-0  33608-3 0  9991
2 63229  97.4071 319.8289 0005940 134.7335 225.4386 15.21456446 54249
1 63229U 25052V   26066.16094418  .00006476  00000-0  29102-3 0  9999
2 63229  97.4069 320.3466 0006011 133.0316 227.1424 15.21462540 54324
1 63229U 25052V   26066.22671233  .00007832  00000-0  35123-3 0  9999
2 63229  97.4069 320.4113 0006010 132.9252 227.2489 15.21465587 54337
1 63229U 25052V   26066.22671233  .00007832  00000-0  35123-3 0  9999
2 63229  97.4069 320.4113 0006010 132.9252 227.2489 15.21465587 54337
1 63229U 25052V   26066.62132110  .00007818  00000-0  35056-3 0  9998
2 63229  97.4066 320.7996 0006040 131.7653 228.4100 15.21471165 54399
1 63229U 25052V   26066.68708894  .00007842  00000-0  35162-3 0  9997
2 63229  97.4066 320.8643 0006029 131.7633 228.4119 15.21472336 54407
1 63229U 25052V   26066.68708894  .00007842  00000-0  35162-3 0  9997
2 63229  97.4066 320.8643 0006029 131.7633 228.4119 15.21472336 54407
1 63229U 25052V   26067.14746359  .00007891  00000-0  35373-3 0  9995
2 63229  97.4065 321.3172 0006064 130.5530 229.6235 15.21479336 54477
1 63229U 25052V   26067.27899855  .00008432  00000-0  37770-3 0  9994
2 63229  97.4064 321.4466 0006074 130.2174 229.9594 15.21482307 54490
1 63229U 25052V   26067.60783574  .00007965  00000-0  35691-3 0  9991
2 63229  97.4063 321.7701 0006086 129.3354 230.8423 15.21486568 54547
1 63229U 25052V   26067.67360297  .00008003  00000-0  35858-3 0  9990
2 63229  97.4063 321.8348 0006089 129.1977 230.9801 15.21487798 54555
1 63229U 25052V   26068.26550670  .00006637  00000-0  29789-3 0  9999
2 63229  97.4065 322.4176 0006121 127.7090 232.4702 15.21494888 54645
1 63229U 25052V   26068.26550671  .00006637  00000-0  29789-3 0  9990
2 63229  97.4065 322.4176 0006121 127.7090 232.4702 15.21494888 54645
1 63229U 25052V   26068.66010701  .00007097  00000-0  31827-3 0  9996
2 63229  97.4063 322.8058 0006124 126.7741 233.4058 15.21501707 54702
1 63229U 25052V   26068.66010702  .00007097  00000-0  31827-3 0  9997
2 63229  97.4063 322.8058 0006124 126.7741 233.4058 15.21501707 54702
1 63229U 25052V   26069.25200557  .00007071  00000-0  31704-3 0  9998
2 63229  97.4062 323.3882 0006175 125.1797 235.0018 15.21509916 54795
1 63229U 25052V   26069.25200558  .00007071  00000-0  31704-3 0  9999
2 63229  97.4062 323.3882 0006175 125.1797 235.0018 15.21509916 54795
1 63229U 25052V   26069.64660273  .00006627  00000-0  29729-3 0  9996
2 63229  97.4063 323.7764 0006155 124.1327 236.0494 15.21514563 54855
1 63229U 25052V   26069.64660273  .00006627  00000-0  29729-3 0  9996
2 63229  97.4063 323.7764 0006155 124.1327 236.0494 15.21514563 54855
1 63229U 25052V   26070.17272936  .00006805  00000-0  30512-3 0  9991
2 63229  97.4065 324.2941 0006333 124.0426 236.1412 15.21522826 54938
1 63229U 25052V   26070.23849505  .00006745  00000-0  30242-3 0  9993
2 63229  97.4065 324.3588 0006348 123.9192 236.2648 15.21523661 54941
1 63229U 25052V   26070.43579197  .00006739  00000-0  30214-3 0  9994
2 63229  97.4064 324.5530 0006260 122.2096 237.9747 15.21526446 54972
1 63229U 25052V   26070.63308860  .00006593  00000-0  29564-3 0  9997
2 63229  97.4063 324.7473 0006306 121.4579 238.7274 15.21529170 55003
1 63229U 25052V   26070.63308861  .00006593  00000-0  29564-3 0  9998
2 63229  97.4063 324.7473 0006306 121.4579 238.7274 15.21529170 55003
1 63229U 25052V   26071.15921107  .00005835  00000-0  26197-3 0  9997
2 63229  97.4064 325.2650 0006346 120.0602 240.1264 15.21535401 55081
1 63229U 25052V   26071.29074145  .00005632  00000-0  25299-3 0  9990
2 63229  97.4064 325.3944 0006368 119.6608 240.5263 15.21536579 55105
1 63229U 25052V   26071.42227183  .00005818  00000-0  26120-3 0  9997
2 63229  97.4064 325.5234 0006367 119.3171 240.8702 15.21537916 55129
1 63229U 25052V   26071.61956693  .00005751  00000-0  25822-3 0  9997
2 63229  97.4063 325.7176 0006375 118.7286 241.4592 15.21540271 55159
1 63229U 25052V   26071.68533163  .00005903  00000-0  26495-3 0  9993
2 63229  97.4064 325.7822 0006356 118.6207 241.5669 15.21541600 55163
1 63229U 25052V   26071.68533163  .00005903  00000-0  26495-3 0  9993
2 63229  97.4064 325.7822 0006356 118.6207 241.5669 15.21541600 55163
1 63229U 25052V   26072.27721489  .00005505  00000-0  24725-3 0  9991
2 63229  97.4064 326.3645 0006410 116.8692 243.3200 15.21547660 55255
1 63229U 25052V   26073.26368039  .00006309  00000-0  28280-3 0  9992
2 63229  97.4067 327.3352 0006434 114.5540 245.6368 15.21560604 55407
1 63229U 25052V   26073.59249991  .00007607  00000-0  34021-3 0  9995
2 63229  97.4068 327.6588 0006448 113.7250 246.4663 15.21567554 55459
1 63229U 25052V   26073.65826380  .00007582  00000-0  33911-3 0  9994
2 63229  97.4068 327.7235 0006458 113.5028 246.6887 15.21568422 55467
1 63229U 25052V   26074.25013660  .00006639  00000-0  29731-3 0  9997
2 63229  97.4068 328.3059 0006486 112.0318 248.1608 15.21574647 55559
1 63229U 25052V   26074.44742673  .00006420  00000-0  28758-3 0  9997
2 63229  97.4069 328.5001 0006507 111.6795 248.5135 15.21577000 55585
1 63229U 25052V   26074.97353265  .00005298  00000-0  23785-3 0  9997
2 63229  97.4068 329.0178 0006519 110.0709 250.1229 15.21581983 55663
1 63229U 25052V   26075.17082187  .00005743  00000-0  25754-3 0  9995
2 63229  97.4067 329.2120 0006534 109.5966 250.5976 15.21585516 55698
1 63229U 25052V   26075.63116225  .00004782  00000-0  21495-3 0  9997
2 63229  97.4066 329.6650 0006556 108.2767 251.9183 15.21589330 55769
1 63229U 25052V   26075.95997586  .00004538  00000-0  20412-3 0  9996
2 63229  97.4066 329.9886 0006574 107.3865 252.8091 15.21592449 55811
1 63229U 25052V   26076.15726382  .00003987  00000-0  17973-3 0  9998
2 63229  97.4065 330.1828 0006573 106.9111 253.2846 15.21593577 55847
1 63229U 25052V   26076.42031420  .00003843  00000-0  17331-3 0  9999
2 63229  97.4066 330.4417 0006589 106.2320 253.9641 15.21595662 55888
1 63229U 25052V   26076.94641396  .00003819  00000-0  17224-3 0  9999
2 63229  97.4065 330.9594 0006606 104.8113 255.3855 15.21599904 55967
1 63229U 25052V   26077.27522576  .00004007  00000-0  18054-3 0  9996
2 63229  97.4063 331.2830 0006608 103.9912 256.2059 15.21602800 56014
1 63229U 25052V   26077.27522577  .00004007  00000-0  18054-3 0  9997
2 63229  97.4063 331.2830 0006608 103.9912 256.2059 15.21602800 56014
1 63229U 25052V   26077.66979929  .00004310  00000-0  19396-3 0  9994
2 63229  97.4062 331.6714 0006627 102.9969 257.2008 15.21606200 56079
1 63229U 25052V   26077.66979929  .00004310  00000-0  19396-3 0  9994
2 63229  97.4062 331.6714 0006627 102.9969 257.2008 15.21606200 56079
1 63229U 25052V   26078.26165835  .00004196  00000-0  18888-3 0  9991
2 63229  97.4059 332.2537 0006653 101.3917 258.8067 15.21610202 56169
1 63229U 25052V   26078.65623009  .00004456  00000-0  20034-3 0  9991
2 63229  97.4058 332.6420 0006659 100.4124 259.7863 15.21613415 56229
1 63229U 25052V   26078.65623010  .00004456  00000-0  20034-3 0  9993
2 63229  97.4058 332.6420 0006659 100.4124 259.7863 15.21613415 56229
1 63229U 25052V   26079.18232465  .00004063  00000-0  18297-3 0  9994
2 63229  97.4056 333.1597 0006679  99.1343 261.0649 15.21616138 56309
1 63229U 25052V   26079.18232466  .00004063  00000-0  18297-3 0  9995
2 63229  97.4056 333.1597 0006679  99.1343 261.0649 15.21616138 56309
1 63229U 25052V   26079.44537147  .00004386  00000-0  19722-3 0  9990
2 63229  97.4055 333.4186 0006683  98.4665 261.7328 15.21618479 56344
1 63229U 25052V   26079.44537148  .00004386  00000-0  19722-3 0  9991
2 63229  97.4055 333.4186 0006683  98.4665 261.7328 15.21618479 56344
1 63229U 25052V   26079.97146296  .00005175  00000-0  23208-3 0  9990
2 63229  97.4054 333.9362 0006664  97.1593 263.0401 15.21624803 56423
1 63229U 25052V   26080.16874602  .00005666  00000-0  25379-3 0  9998
2 63229  97.4053 334.1303 0006665  96.6827 263.5167 15.21628414 56454
1 63229U 25052V   26080.23450721  .00005698  00000-0  25520-3 0  9991
2 63229  97.4052 334.1950 0006665  96.4945 263.7050 15.21629109 56466
1 63229U 25052V   26080.95787667  .00006768  00000-0  30242-3 0  9998
2 63229  97.4050 334.9068 0006671  94.5695 265.6303 15.21640127 56577
1 63229U 25052V   26081.22091915  .00006485  00000-0  28989-3 0  9994
2 63229  97.4048 335.1656 0006661  93.8943 266.3055 15.21642803 56617
1 63229U 25052V   26081.94428183  .00006444  00000-0  28797-3 0  9996
2 63229  97.4046 335.8773 0006676  92.0304 268.1697 15.21653220 56729
1 63229U 25052V   26082.20732156  .00006630  00000-0  29615-3 0  9991
2 63229  97.4044 336.1361 0006654  91.3044 268.8955 15.21657577 56760
1 63229U 25052V   26082.27308142  .00006578  00000-0  29386-3 0  9998
2 63229  97.4044 336.2008 0006655  91.1521 269.0477 15.21658411 56779
1 63229U 25052V   26082.27308142  .00006578  00000-0  29386-3 0  9998
2 63229  97.4044 336.2008 0006655  91.1521 269.0477 15.21658411 56779
1 63229U 25052V   26083.19371574  .00005526  00000-0  24732-3 0  9991
2 63229  97.4042 337.1065 0006635  88.8784 271.3212 15.21669155 56918
1 63229U 25052V   26083.32523451  .00005494  00000-0  24586-3 0  9990
2 63229  97.4043 337.2359 0006682  88.5370 271.6632 15.21670544 56931
1 63229U 25052V   26083.98282589  .00005401  00000-0  24171-3 0  9994
2 63229  97.4044 337.8828 0006722  86.8574 273.3431 15.21678133 57031
1 63229U 25052V   26084.18010266  .00005272  00000-0  23599-3 0  9997
2 63229  97.4045 338.0769 0006704  86.3977 273.8026 15.21680140 57060
1 63229U 25052V   26084.96920706  .00005042  00000-0  22578-3 0  9993
2 63229  97.4046 338.8533 0006703  84.5295 275.6706 15.21688406 57181
1 63229U 25052V   26084.96920706  .00005042  00000-0  22578-3 0  9993
2 63229  97.4046 338.8532 0006703  84.5295 275.6706 15.21688406 57180
1 63229U 25052V   26085.23224065  .00005057  00000-0  22646-3 0  9991
2 63229  97.4047 339.1120 0006696  83.9234 276.2765 15.21691720 57225
1 63229U 25052V   26085.42951561  .00005016  00000-0  22461-3 0  9990
2 63229  97.4047 339.3061 0006700  83.4391 276.7607 15.21693797 57255
1 63229U 25052V   26085.42951562  .00005016  00000-0  22461-3 0  9991
2 63229  97.4047 339.3061 0006700  83.4391 276.7607 15.21693797 57255
1 63229U 25052V   26086.15285490  .00004864  00000-0  21783-3 0  9998
2 63229  97.4048 340.0179 0006704  81.5929 278.6067 15.21701506 57366
1 63229U 25052V   26086.28437081  .00004838  00000-0  21671-3 0  9994
2 63229  97.4048 340.1472 0006707  81.2454 278.9542 15.21702809 57386
1 63229U 25052V   26086.41588664  .00004839  00000-0  21674-3 0  9997
2 63229  97.4049 340.2766 0006717  80.9440 279.2556 15.21704087 57408
1 63229U 25052V   26086.61315991  .00004847  00000-0  21706-3 0  9995
2 63229  97.4048 340.4707 0006710  80.4132 279.7862 15.21706334 57435
1 63229U 25052V   26087.13922085  .00005703  00000-0  25477-3 0  9992
2 63229  97.4049 340.9884 0006702  79.0479 281.1511 15.21713449 57518
1 63229U 25052V   26087.13922085  .00005703  00000-0  25477-3 0  9992
2 63229  97.4049 340.9883 0006702  79.0479 281.1511 15.21713449 57517
1 63229U 25052V   26087.27073573  .00005775  00000-0  25796-3 0  9999
2 63229  97.4049 341.1177 0006699  78.7006 281.4983 15.21715041 57531
1 63229U 25052V   26087.59952214  .00006003  00000-0  26800-3 0  9994
2 63229  97.4049 341.4412 0006666  77.7023 282.4959 15.21719256 57589
1 63229U 25052V   26087.66527911  .00006139  00000-0  27396-3 0  9995
2 63229  97.4050 341.5059 0006652  77.4674 282.7305 15.21720510 57597
1 63229U 25052V   26088.19133524  .00007551  00000-0  33615-3 0  9997
2 63229  97.4046 342.0235 0006620  76.1931 284.0041 15.21729379 57674
1 63229U 25052V   26089.17768252  .00007716  00000-0  34325-3 0  9990
2 63229  97.4050 342.9944 0006581  74.3114 285.8847 15.21743764 57828
1 63229U 25052V   26089.24343866  .00007751  00000-0  34480-3 0  9999
2 63229  97.4050 343.0592 0006579  74.2711 285.9250 15.21744834 57837
1 63229U 25052V   26089.44070671  .00007868  00000-0  34991-3 0  9998
2 63229  97.4050 343.2531 0006588  73.4010 286.7949 15.21748160 57868
1 63229U 25052V   26089.63797437  .00007861  00000-0  34956-3 0  9999
2 63229  97.4050 343.4472 0006597  72.8403 287.3555 15.21751496 57892
1 63229U 25052V   26089.96675282  .00007682  00000-0  34163-3 0  9999
2 63229  97.4050 343.7707 0006603  72.0836 288.1120 15.21756548 57942
1 63229U 25052V   26090.16401934  .00006970  00000-0  31025-3 0  9997
2 63229  97.4049 343.9649 0006612  71.5791 288.6164 15.21758920 57973
1 63229U 25052V   26090.22977479  .00006962  00000-0  30990-3 0  9997
2 63229  97.4048 344.0297 0006608  71.4467 288.7486 15.21759839 57986
1 63229U 25052V   26090.22977479  .00006962  00000-0  30990-3 0  9997
2 63229  97.4048 344.0297 0006608  71.4467 288.7486 15.21759839 57986
1 63229U 25052V   26090.95308208  .00007002  00000-0  31155-3 0  9995
2 63229  97.4046 344.7415 0006615  69.7638 290.4309 15.21770544 58094
1 66820U 25279A   26059.27387604  .00003666  00000-0  28902-3 0  9991
2 66820  97.6691   8.9744 0010684  14.0373 346.1146 15.01339272 13283
1 66820U 25279A   26059.40717346  .00003719  00000-0  29307-3 0  9995
2 66820  97.6692   9.1060 0010683  13.6237 346.5274 15.01340391 13304
1 66820U 25279A   26059.87371360  .00003729  00000-0  29387-3 0  9997
2 66820  97.6694   9.5667 0010653  12.1586 347.9894 15.01343968 13374
1 66820U 25279A   26059.87371360  .00003729  00000-0  29387-3 0  9997
2 66820  97.6695   9.5667 0010653  12.1586 347.9894 15.01343968 13375
1 66820U 25279A   26060.14030740  .00003763  00000-0  29648-3 0  9991
2 66820  97.6696   9.8299 0010626  11.3232 348.8229 15.01346118 13416
1 66820U 25279A   26060.27360413  .00003995  00000-0  31440-3 0  9998
2 66820  97.6698   9.9616 0010612  10.9386 349.2067 15.01347903 13432
1 66820U 25279A   26060.40690081  .00004008  00000-0  31544-3 0  9991
2 66820  97.6699  10.0932 0010601  10.5325 349.6119 15.01348969 13451
1 66820U 25279A   26060.87343844  .00003975  00000-0  31288-3 0  9991
2 66820  97.6702  10.5539 0010565   9.0949 351.0464 15.01352522 13526
1 66820U 25279A   26060.87343844  .00003975  00000-0  31288-3 0  9991
2 66820  97.6702  10.5539 0010565   9.0949 351.0464 15.01352522 13526
1 66820U 25279A   26061.14003083  .00003887  00000-0  30599-3 0  9996
2 66820  97.6704  10.8172 0010535   8.3085 351.8312 15.01354327 13563
1 66820U 25279A   26061.40662294  .00004099  00000-0  32240-3 0  9991
2 66820  97.6706  11.0805 0010510   7.4786 352.6593 15.01357043 13605
1 66820U 25279A   26061.60656682  .00004027  00000-0  31688-3 0  9993
2 66820  97.6707  11.2780 0010488   6.9200 353.2167 15.01358291 13632
1 66820U 25279A   26061.87315791  .00004137  00000-0  32531-3 0  9995
2 66820  97.6710  11.5414 0010482   5.8565 354.2780 15.01360917 13673
1 66820U 25279A   26061.87315791  .00004137  00000-0  32531-3 0  9995
2 66820  97.6710  11.5414 0010482   5.8565 354.2780 15.01360917 13673
1 66820U 25279A   26062.40633964  .00004146  00000-0  32601-3 0  9998
2 66820  97.6715  12.0680 0010449   4.1578 355.9732 15.01365121 13754
1 66820U 25279A   26062.40633964  .00004146  00000-0  32601-3 0  9998
2 66820  97.6715  12.0680 0010449   4.1578 355.9732 15.01365122 13755
1 66820U 25279A   26062.80622440  .00004350  00000-0  34174-3 0  9993
2 66820  97.6717  12.4631 0010415   2.8509 357.2772 15.01369170 13812
1 66820U 25279A   26062.80622440  .00004350  00000-0  34174-3 0  9993
2 66820  97.6717  12.4630 0010415   2.8509 357.2772 15.01369170 13811
1 66820U 25279A   26063.40604980  .00004803  00000-0  37680-3 0  9997
2 66820  97.6722  13.0555 0010353   1.0266 359.0977 15.01375395 13905
1 66820U 25279A   26063.40604980  .00004803  00000-0  37680-3 0  9997
2 66820  97.6722  13.0555 0010353   1.0266 359.0978 15.01375395 13906
1 66820U 25279A   26064.13916706  .00004301  00000-0  33788-3 0  9998
2 66820  97.6726  13.7798 0010291 358.6853   1.4342 15.01380717 14010
1 66820U 25279A   26064.27246073  .00004527  00000-0  35539-3 0  9992
2 66820  97.6727  13.9116 0010275 358.2395   1.8792 15.01382515 14039
1 66820U 25279A   26064.27246073  .00004527  00000-0  35539-3 0  9992
2 66820  97.6727  13.9116 0010275 358.2395   1.8792 15.01382515 14039
1 66820U 25279A   26064.87228103  .00004623  00000-0  36277-3 0  9999
2 66820  97.6730  14.5042 0010228 356.2813   3.8334 15.01388128 14129
1 66820U 25279A   26064.87228103  .00004623  00000-0  36277-3 0  9999
2 66820  97.6730  14.5042 0010228 356.2813   3.8334 15.01388128 14129
1 66820U 25279A   26065.27216016  .00003802  00000-0  29922-3 0  9991
2 66820  97.6731  14.8994 0010196 354.9917   5.1204 15.01389850 14183
1 66820U 25279A   26065.40545325  .00004207  00000-0  33050-3 0  9991
2 66820  97.6732  15.0311 0010184 354.5504   5.5608 15.01391685 14209
1 66820U 25279A   26066.27185454  .00004141  00000-0  32533-3 0  9992
2 66820  97.6736  15.8873 0010080 351.9566   8.1495 15.01398829 14332
1 66820U 25279A   26066.40514641  .00004631  00000-0  36322-3 0  9995
2 66820  97.6735  16.0189 0010077 351.5184   8.5868 15.01401198 14356
1 66820U 25279A   26066.40514641  .00004631  00000-0  36322-3 0  9995
2 66820  97.6735  16.0189 0010077 351.5184   8.5868 15.01401198 14356
1 66820U 25279A   26066.80502208  .00004660  00000-0  36549-3 0  9998
2 66820  97.6733  16.4142 0009991 350.2178   9.8850 15.01404614 14417
1 66820U 25279A   26066.80502208  .00004660  00000-0  36549-3 0  9998
2 66820  97.6733  16.4142 0009991 350.2178   9.8850 15.01404614 14417
1 66820U 25279A   26067.40483361  .00004766  00000-0  37362-3 0  9994
2 66820  97.6736  17.0068 0009959 348.3554  11.7439 15.01410300 14508
1 66820U 25279A   26067.40483361  .00004766  00000-0  37366-3 0  9998
2 66820  97.6736  17.0068 0009959 348.3554  11.7438 15.01410302 14509
1 66820U 25279A   26067.87135222  .00004601  00000-0  36081-3 0  9990
2 66820  97.6736  17.4678 0009911 346.7850  13.3113 15.01414159 14578
1 66820U 25279A   26068.33786979  .00003972  00000-0  31214-3 0  9996
2 66820  97.6737  17.9288 0009881 345.3019  14.7917 15.01416912 14643
1 66820U 25279A   26068.33786979  .00003972  00000-0  31214-3 0  9996
2 66820  97.6737  17.9288 0009881 345.3019  14.7917 15.01416912 14643
1 66820U 25279A   26068.87103100  .00004022  00000-0  31599-3 0  9997
2 66820  97.6738  18.4558 0009895 343.5135  16.5766 15.01421798 14723
1 66820U 25279A   26068.87103100  .00004022  00000-0  31599-3 0  9997
2 66820  97.6738  18.4558 0009895 343.5135  16.5766 15.01421798 14723
1 66820U 25279A   26069.20425580  .00004195  00000-0  32930-3 0  9995
2 66820  97.6738  18.7851 0009849 342.4683  17.6200 15.01425212 14772
1 66820U 25279A   26069.40419056  .00004005  00000-0  31460-3 0  9995
2 66820  97.6738  18.9827 0009832 341.8423  18.2449 15.01426484 14802
1 66820U 25279A   26069.87070443  .00003736  00000-0  29376-3 0  9992
2 66820  97.6741  19.4434 0009838 340.4748  19.6098 15.01429535 14879
1 66820U 25279A   26069.87070443  .00003736  00000-0  29376-3 0  9992
2 66820  97.6741  19.4434 0009838 340.4748  19.6098 15.01429535 14879
1 66820U 25279A   26070.27057220  .00003668  00000-0  28850-3 0  9996
2 66820  97.6742  19.8386 0009767 339.3240  20.7588 15.01432750 14932
1 66820U 25279A   26070.40386138  .00003561  00000-0  28021-3 0  9996
2 66820  97.6742  19.9703 0009750 338.9082  21.1739 15.01433485 14958
1 66820U 25279A   26070.87037253  .00003695  00000-0  29058-3 0  9997
2 66820  97.6744  20.4313 0009684 337.4377  22.6420 15.01437248 15024
1 66820U 25279A   26070.87037253  .00003695  00000-0  29058-3 0  9997
2 66820  97.6744  20.4313 0009684 337.4377  22.6420 15.01437248 15024
1 66820U 25279A   26071.13695012  .00003460  00000-0  27240-3 0  9991
2 66820  97.6744  20.6946 0009628 336.5652  23.5133 15.01438443 15065
1 66820U 25279A   26071.27023860  .00003805  00000-0  29902-3 0  9992
2 66820  97.6744  20.8263 0009611 336.1761  23.9017 15.01440613 15087
1 66820U 25279A   26071.40352713  .00003767  00000-0  29611-3 0  9993
2 66820  97.6745  20.9580 0009599 335.7181  24.3590 15.01441481 15105
1 66820U 25279A   26071.40352713  .00003767  00000-0  29611-3 0  9993
2 66820  97.6745  20.9580 0009599 335.7181  24.3590 15.01441481 15105
1 66820U 25279A   26071.80339203  .00003813  00000-0  29962-3 0  9997
2 66820  97.6746  21.3532 0009571 334.4194  25.6555 15.01444647 15166
1 66820U 25279A   26071.80339203  .00003813  00000-0  29962-3 0  9997
2 66820  97.6746  21.3532 0009571 334.4194  25.6555 15.01444647 15166
1 66820U 25279A   26072.33654425  .00003566  00000-0  28054-3 0  9998
2 66820  97.6749  21.8802 0009525 332.5427  27.5293 15.01447796 15248
1 66820U 25279A   26072.80305098  .00003724  00000-0  29272-3 0  9998
2 66820  97.6750  22.3412 0009493 330.9596  29.1099 15.01451783 15317
1 66820U 25279A   26073.13626961  .00003577  00000-0  28130-3 0  9998
2 66820  97.6751  22.6705 0009450 329.9193  30.1487 15.01453757 15361
1 66820U 25279A   26073.60277425  .00003844  00000-0  30195-3 0  9998
2 66820  97.6755  23.1317 0009391 328.2415  31.8242 15.01458179 15431
1 66820U 25279A   26073.86934787  .00003856  00000-0  30289-3 0  9994
2 66820  97.6756  23.3952 0009370 327.3124  32.7519 15.01460351 15479
1 66820U 25279A   26074.13592166  .00003613  00000-0  28410-3 0  9990
2 66820  97.6757  23.6587 0009339 326.4802  33.5830 15.01461395 15514
1 66820U 25279A   26074.60242461  .00003036  00000-0  23944-3 0  9998
2 66820  97.6760  24.1199 0009268 324.9652  35.0961 15.01463017 15582
1 66820U 25279A   26074.80235407  .00002995  00000-0  23628-3 0  9994
2 66820  97.6761  24.3176 0009266 324.2321  35.8282 15.01464356 15619
1 66820U 25279A   26075.20221272  .00003224  00000-0  25394-3 0  9992
2 66820  97.6764  24.7129 0009209 322.9541  37.1046 15.01467847 15677
1 66820U 25279A   26075.86864236  .00002925  00000-0  23081-3 0  9995
2 66820  97.6767  25.3718 0009138 320.6926  39.3634 15.01471412 15775
1 66820U 25279A   26076.13521383  .00002791  00000-0  22047-3 0  9991
2 66820  97.6768  25.6353 0009100 319.8491  40.2060 15.01472660 15815
1 66820U 25279A   26076.20185659  .00002763  00000-0  21829-3 0  9997
2 66820  97.6769  25.7012 0009081 319.6639  40.3911 15.01473079 15821
1 66820U 25279A   26076.40178515  .00002681  00000-0  21193-3 0  9995
2 66820  97.6770  25.8989 0009064 318.9734  41.0808 15.01473939 15857
1 66820U 25279A   26076.86828405  .00002711  00000-0  21423-3 0  9995
2 66820  97.6772  26.3602 0009013 317.3923  42.6601 15.01476812 15923
1 66820U 25279A   26076.86828405  .00002711  00000-0  21423-3 0  9995
2 66820  97.6772  26.3602 0009013 317.3923  42.6601 15.01476812 15923
1 66820U 25279A   26077.20149734  .00002745  00000-0  21686-3 0  9993
2 66820  97.6775  26.6897 0008974 316.2587  43.7925 15.01478675 15979
1 66820U 25279A   26077.40142491  .00002693  00000-0  21288-3 0  9998
2 66820  97.6777  26.8874 0008967 315.4950  44.5553 15.01479688 16001
1 66820U 25279A   26077.40142491  .00002693  00000-0  21288-3 0  9998
2 66820  97.6777  26.8874 0008967 315.4950  44.5553 15.01479688 16001
1 66820U 25279A   26077.86792259  .00002814  00000-0  22224-3 0  9997
2 66820  97.6780  27.3487 0008920 313.8270  46.2216 15.01482356 16075
1 66820U 25279A   26077.86792259  .00002814  00000-0  22224-3 0  9997
2 66820  97.6780  27.3487 0008920 313.8270  46.2216 15.01482356 16075
1 66820U 25279A   26078.33441986  .00002588  00000-0  20474-3 0  9991
2 66820  97.6782  27.8100 0008864 312.2162  47.8309 15.01483804 16141
1 66820U 25279A   26078.86755837  .00002651  00000-0  20958-3 0  9990
2 66820  97.6780  28.3376 0008847 310.2236  49.8214 15.01486750 16220
1 66820U 25279A   26078.86755837  .00002651  00000-0  20958-3 0  9990
2 66820  97.6780  28.3376 0008847 310.2236  49.8214 15.01486750 16220
1 66820U 25279A   26079.26741244  .00002601  00000-0  20571-3 0  9998
2 66820  97.6781  28.7330 0008803 308.8019  51.2418 15.01488390 16280
1 66820U 25279A   26079.40069670  .00002617  00000-0  20693-3 0  9992
2 66820  97.6781  28.8647 0008782 308.3393  51.7041 15.01489181 16307
1 66820U 25279A   26079.60062260  .00002707  00000-0  21388-3 0  9994
2 66820  97.6782  29.0624 0008763 307.6430  52.3999 15.01490842 16337
1 66820U 25279A   26079.86719031  .00002787  00000-0  22005-3 0  9992
2 66820  97.6784  29.3261 0008729 306.7353  53.3069 15.01492874 16375
1 66820U 25279A   26079.86719031  .00002787  00000-0  22009-3 0  9996
2 66820  97.6784  29.3261 0008728 306.7352  53.3070 15.01492877 16378
1 66820U 25279A   26079.86719078  .00002629  00000-0  20785-3 0  9991
2 66820  97.6784  29.3261 0008728 306.7438  53.2985 15.01491887 16377
1 66820U 25279A   26080.60025035  .00002957  00000-0  23316-3 0  9995
2 66820  97.6787  30.0510 0008641 304.1488  55.8916 15.01497966 16485
1 66820U 25279A   26080.86681903  .00003268  00000-0  25722-3 0  9994
2 66820  97.6792  30.3145 0008567 303.3313  56.7091 15.01498695 16522
1 66820U 25279A   26081.13338576  .00003302  00000-0  25981-3 0  9996
2 66820  97.6793  30.5782 0008528 302.3652  57.6746 15.01500382 16562
1 66820U 25279A   26081.86644271  .00003306  00000-0  26007-3 0  9992
2 66820  97.6795  31.3032 0008451 299.6763  60.3619 15.01505036 16670
1 66820U 25279A   26082.13300784  .00003476  00000-0  27323-3 0  9991
2 66820  97.6795  31.5669 0008416 298.7123  61.3255 15.01507541 16714
1 66820U 25279A   26082.33293178  .00003373  00000-0  26526-3 0  9991
2 66820  97.6795  31.7646 0008390 297.9606  62.0768 15.01508631 16740
1 66820U 25279A   26082.93270211  .00003238  00000-0  25479-3 0  9996
2 66820  97.6796  32.3578 0008266 295.8616  64.1756 15.01512626 16831
1 66820U 25279A   26083.13262521  .00003196  00000-0  25151-3 0  9994
2 66820  97.6796  32.5555 0008233 295.1390  64.8980 15.01513938 16860
1 66820U 25279A   26083.13262527  .00003206  00000-0  25230-3 0  9990
2 66820  97.6797  32.5556 0008316 294.9939  65.0421 15.01513834 16868
1 66820U 25279A   26083.13262527  .00003206  00000-0  25230-3 0  9990
2 66820  97.6797  32.5556 0008316 294.9939  65.0421 15.01513834 16868
1 66820U 25279A   26083.13262528  .00003170  00000-0  24957-3 0  9996
2 66820  97.6796  32.5555 0008233 295.1362  64.9008 15.01513817 16867
1 66820U 25279A   26083.13262528  .00003170  00000-0  24957-3 0  9996
2 66820  97.6796  32.5555 0008233 295.1362  64.9008 15.01513817 16867
1 66820U 25279A   26090.46738051  .00003776  00000-0  30280-3 0  9997
2 66820  97.6820  39.8015 0005051 239.4994 120.5731 15.00693278 17966
1 66820U 25279A   26090.46738051  .00003776  00000-0  30280-3 0  9997
2 66820  97.6820  39.8015 0005051 239.4994 120.5731 15.00693278 17966
